2169
4514
1394
1560
2492
9842
7425
2681
1928
2736
9147
5072
5270
1331
5305
7716
1998
3037
9427
6520
7716
599
5963
3653
1499
5235
3934
7935
3424
884
2492
5594
6478
4965
7154
48
5886
5657
2730
7814
9472
2955
3965
4741
4286
348
2456
7364
4465
2962
3883
2180
3561
924
6912
6139
7238
1924
4074
661
3888
7645
7334
365
2609
5567
1492
8495
1223
5301
7388
695
8256
2431
6515
3621
2779
50
984
7244
3012
5946
502
6573
7949
8493
3791
5186
417
7865
6926
4305
6588
4260
4670
9197
905
6162
8771
2128
1463
7237
3902
797
746
1496
4418
3525
1546
6481
769
4558
2426
2350
2209
1453
843
6000
7718
1260
4943
4644
5565
1530
9983
1313
1806
887
8554
1655
4094
1095
8892
9076
1893
9638
571
7390
4241
2117
3871
6089
6675
7376
8440
9963
9909
361
5963
7626
1621
905
3348
8265
2436
4409
9578
4242
5296
8131
5897
469
305
5867
9545
2198
6583
1194
666
823
3311
5616
7992
1064
4071
6431
1026
3979
6792
6989
1604
9492
8974
4953
7756
1409
9362
8412
6730
5737
7621
3705
7285
7926
9572
7908
1202
7233
9102
1869
9135
2412
7485
7126
4555
1555
4635
5581
6613
2505
3649
8218
3075
2622
4249
830
5110
4689
320
2918
425
7942
6623
8789
6946
7273
6696
8149
5584
5797
1096
4718
9288
9660
1844
4921
2294
7558
502
8907
63
5230
7124
3138
8931
2451
5048
5119
7141
6447
8037
8645
5467
5738
7434
2413
3010
4129
1640
8594
1005
3815
4390
292
3474
7313
5214
5768
4871
6795
5754
6013
3103
3956
9151
3112
6408
5277
8231
3548
1724
7346
2192
7191
3083
704
682
7172
4834
2322
5765
5839
7216
154
7210
690
8547
3502
7537
3417
296
4369
9430
4478
8326
9659
7590
4733
6015
5820
9360
7739
4244
2630
6008
7327
3335
6691
4498
9248
91
1341
6165
7308
2575
3374
9077
1121
7956
7692
4538
9331
2061
5046
3809
1465
5783
1398
6198
1797
8298
6636
9536
2541
9266
5544
947
3679
3313
5445
2926
4483
7866
9091
2869
440
3544
1945
1561
2578
716
7178
1908
3856
3302
5717
5321
9085
8195
2597
882
7571
9233
417
1190
8498
7040
2137
3256
1431
8662
6182
5915
6527
6352
8784
8046
974
1808
685
3552
3603
7863
5460
7459
2243
2256
3858
1327
1529
6455
2209
9100
6766
3706
289
5263
1824
3506
8519
3256
3246
5780
249
9773
2131
111
8897
4184
2998
9582
7736
7680
8523
4274
5138
765
6530
74
2092
8059
7608
5381
8237
4373
9087
9606
9637
910
3111
9234
5245
6357
6092
6573
7208
9302
7764
7183
3485
761
6764
2299
8442
6365
6574
4658
7130
4182
5812
300
3320
3419
5681
2635
7793
5846
2240
8508
7836
6430
7741
4159
3865
3833
732
2151
4213
8496
9334
7699
335
7176
9998
9856
3540
7650
4514
1748
2911
325
2049
6231
3744
8809
8866
2615
4655
2185
1122
2490
8615
8864
6649
2480
3775
8460
5710
7988
6955
5044
6765
8370
3298
7842
8225
6839
5491
2738
8587
8402
4142
1714
5711
8966
523
5656
1580
6257
8920
2703
8747
7534
2645
6474
1092
7499
4934
6803
6565
2967
2925
3330
1336
6223
1171
640
4140
7741
3378
3806
7222
8600
5520
4011
8644
7122
745
1302
3378
9665
5084
2124
8278
7729
9678
9370
6306
5690
7251
2871
8657
1254
7280
1072
7478
8451
1712
2696
7270
6169
6502
5570
5847
2022
9582
4490
222
326
6872
3601
1070
1955
6804
9348
9685
6481
8717
5990
3249
7047
9940
1906
8301
7219
4057
6857
6748
6848
9554
4018
3016
7134
666
9943
9156
1326
4432
457
1653
2382
4058
2723
4338
861
2070
4022
8422
1865
1090
1670
9991
2109
4655
8292
9328
8712
6227
6076
5559
6859
1172
9655
3993
2917
9597
4227
4244
5107
4684
5897
7490
8742
9699
1827
682
2847
6928
182
5791
9097
1852
5782
1205
7587
5152
1612
7377
1378
7688
4015
8238
9939
3669
2230
2855
4344
6457
7099
9451
1141
4074
8019
961
4851
9846
1643
7698
7852
1825
3489
8028
4757
349
9233
3422
5501
844
798
6879
9611
4813
5116
627
9561
8425
3483
3904
4882
1660
4434
7102
5735
2452
8063
585
3377
785
9363
1228
2610
3930
9256
8446
4279
9568
1867
858
1490
3745
7737
2180
8558
3932
2807
8119
2356
7369
3101
8317
9030
7535
5418
5843
1066
4560
7507
4443
5345
7948
6750
9034
1877
7085
8559
7235
7731
425
8093
9221
4170
6909
1400
3807
1919
5287
1925
5354
2655
6105
3671
2763
3640
167
9685
4706
4727
8271
227
1150
6218
6977
184
9175
4061
8743
7488
2870
246
6660
2091
4417
4647
4570
9303
6566
9857
2306
1919
3591
8411
5590
7433
2050
6837
8197
7835
1563
6467
8062
2714
3763
6118
3977
2937
1257
2719
1504
4128
2965
8164
6219
8461
2810
1867
7763
9376
2803
1147
2373
7473
9559
9043
4905
2687
5879
3101
522
8521
646
9663
2313
4410
5780
6290
7347
7038
87
9930
1165
3053
8093
8463
2592
1981
329
1434
2435
4211
2581
4809
1683
2139
3851
6589
5906
9730
768
7507
8250
1415
7169
1642
6904
4028
7932
5329
2144
8020
5259
4388
2151
4430
2850
5822
6412
4258
7256
8847
8470
916
4734
152
4134
8585
7820
39
9393
9668
7546
8722
2161
5794
363
9065
900
9374
4393
3044
7393
9652
7432
622
4082
1360
6445
1572
5618
4779
1497
5166
5695
6232
5319
908
4816
4217
2026
5288
3884
651
4009
6045
6445
5451
5109
7345
4824
581
1467
3296
232
9978
3918
5393
1337
1441
8044
8034
6221
9542
3200
2994
5773
9598
4981
1667
3814
7008
6955
7699
7659
2042
4822
5182
8572
1010
3605
3396
1591
5072
6692
2902
5049
1688
9375
6386
3130
7418
4419
429
6959
8698
4502
3810
8295
9484
5478
2109
6491
3511
886
4149
6633
5708
409
5204
6718
4014
